    0     0     0    32
    1     0     0    33
    2     0     0    32
    3     0     0    42
    4     0     0    30
    5     0     0    28
    6     0     0    29
    7     0     0    22
    8     0     0    20
    9     0     0    23
   10     0     0    25
   11     0     0    29
   12     0     0    20
   13     0     0    26
   14     0     0    24
   15     0     0    32
   16     0     0    37
   17     0     0    40
   18     0     0    32
   19     0     0    25
   20     0     0    34
   21     0     0    32
   22     0     0    20
   23     0     0    35
   24     0     0    40
   25     0     0    34
   26     0     0    27
   27     0     0    33
   28     0     0    34
   29     0     0    33
   30     0     0    29
   31     0     0    34
   32     0     0    26
   33     0     0    34
   34     0     0    30
   35     0     0    27
   36     0     0    26
   37     0     0    28
   38     0     0    21
   39     0     0    20
   40     0     0    38
   41     0     0    36
   42     0     0    30
   43     0     0    26
   44     0     0    26
   45     0     0    24
   46     0     0    17
   47     0     0    28
   48     0     0    16
   49     0     0    21
   50     0     0    22
   51     0     0    13
   52     0     0    20
   53     0     0    20
   54     0     0    21
   55     0     0    15
   56     0     0    24
   57     0     0    24
   58     0     0    25
   59     0     0    25
   60     0     0    23
   61     0     0    16
   62     0     0    26
   63     0     0    23
   64     0     0    22
   65     0     0    29
   66     0     0    22
   67     0     0    20
   68     0     0    12
   69     0     0    31
   70     0     0    21
   71     0     0    30
   72     0     1    25
   73     0     0    33
   74     0     4    27
   75     0     0    31
   76     0     0    16
   77     0     2    24
   78     0     2    27
   79     0     1    25
   80     0     0    20
   81     0     0    25
   82     0     0    19
   83     0     0    21
   84     0     0    24
   85     0     2    30
   86     0     0    25
   87     0     1    24
   88     0     0    15
   89     0     0    22
   90     0     1    25
   91     0     2    20
   92     0     3    29
   93     0     3    14
   94     0     3    16
   95     0     2    22
   96     0     6    17
   97   431     8    14
   98   417    17    22
   99   675    37    15
  100   395    59    18
  101   258    71    19
  102   300   182    24
  103   169   318    18
  104   214   410    27
  105   258   658    27
  106    51   847    21
  107    43   895    23
  108   214   890    28
  109   281   798    20
  110   128   561    19
  111   206   368    14
  112   522   192    21
  113    33    94    16
  114   344    42    26
  115   727    22    22
  116   350     9    20
  117   138     2    20
  118   132     0    28
  119   179     0    24
  120    10     0    33
  121    24     0    23
  122    14     0    22
  123     0     0    24
  124     0     0    39
  125     0     0    29
  126     0     0    24
  127     0     0    35
  128     0     0    30
  129     0     0    38
  130     0     0    36
  131     0     0    21
  132     0     0    32
  133     0     0    33
  134     0     0    27
  135     0     0    33
  136     0     0    28
  137     0     0    37
  138     0     0    30
  139     0     0    31
  140     0     0    31
  141     0     0    22
  142     0     0    28
  143     0     0    28
  144     0     0    19
  145     0     0    33
  146     0     0    30
  147     0     0    30
  148     0     0    29
  149     0     0    22
  150     0     0    24
  151     0     0    29
  152     0     0    24
  153     0     0    29
  154     0     0    31
  155     0     0    35
  156     0     0    29
  157     0     0    24
  158     0     0    31
  159     0     0    42
  160     0     0    39
  161     0     0    26
  162     0     0    24
  163     0     0    24
  164     0     0    34
  165     0     0    28
  166     0     0    44
  167     0     0    35
  168     0     0    34
  169     0     0    30
  170     0     0    42
  171     0     0    28
  172     0     0    33
  173     0     0    37
  174     0     0    31
  175     0     0    35
  176     0     0    30
  177     0     0    30
  178     0     0    49
  179     0     0    27
  180     0     0    40
  181     0     0    25
  182     0     0    24
  183     0     0    30
  184     0     0    35
  185     0     0    29
  186     0     0    29
  187     0     0    27
  188     0     0    30
  189     0     0    27
  190     0     0    24
  191     0     0    26
  192     0     0    32
  193     0     0    21
  194     0     0    26
  195     0     0    16
  196     0     0    22
  197     0     0    20
  198     0     0    29
  199     0     0    16
  200     0     0    16
  201     0     0    21
  202     0     0    12
  203     0     0    15
  204     0     0    17
  205     0     0    21
  206     0     0    19
  207     0     0    16
  208     0     0    13
  209     0     0    13
  210     0     0    20
  211     0     0    12
  212     0     0    19
  213     0     0    23
  214     0     0    24
  215     0     0    12
  216     0     0    22
  217     0     0    15
  218     0     0    23
  219     0     0    20
  220     0     0    21
  221     0     0    22
  222     0     0    22
  223     0     0    23
  224     0     0    16
  225     0     0    23
  226     0     0    20
  227     0     0    17
  228     0     0    17
  229     0     0    22
  230     0     0    24
  231     0     0    22
  232     0     0    23
  233     0     0    27
  234     0     0    22
  235     0     0    17
  236     0     0    26
  237     0     0    24
  238     0     0    21
  239     0     0    19
  240     0     0    17
  241     0     0    24
  242     0     0    29
  243     0     0    24
  244     0     0    22
  245     0     0    25
  246     0     0    27
  247     0     0    21
  248     0     0    15
  249     0     0    12
  250     0     0    27
  251     0     0    33
  252     0     0    26
  253     0     0    31
  254     0     0    23
  255     0     0    27
